coefficient
-0.10077584782107162
0.0006951368923772266
0.12924471601206355
0.03341401746565974
0.06680436824045667
0.03944315498053271
-0.014153844743846343
-0.04096639241041777
-0.05503327647550901
0.5432380326835193
-0.034825020669930346
-0.0436282367547512
-0.08163410261615762
-0.0014692429576805591
-0.0011597605315704221
0.0012245837284187038
-0.001936050785368994
0.038510102881180605
-0.0026775206253114078
-0.03176332077384129
-0.005955403343806346
-0.017966859671471165
-0.0582613185632295
-0.030899620357718108
-0.017529693771743387
0.049585249144509555
-0.029105310588129665
-0.004383405816892505
0.002957368617345522
-0.014628032312453638
